Loc	Team	CNES	Req	Transf	New	Res	Surp	Def
[313760105000002]*	eSF	0.0	0.15	0.0	0.0	0.0	0.0	0.1
[313760105000002]*	eSB	0.0	0.15	0.0	0.0	0.0	0.0	0.1
[313760105000002]*	eMulti	0.0	0.02	0.0	0.0	0.0	0.0	0.0
[313760105000013] 	eSF	1.0	1.00	-1.0	1.0	1.0	0.0	0.0
[313760105000013] 	eSB	0.0	1.00	0.0	1.0	1.0	0.0	0.0
[313760105000013] 	eMulti	0.0	0.11	0.0	0.0	0.0	0.0	0.1
[313760105000028]*	eSF	0.0	0.15	0.0	0.0	0.0	0.0	0.1
[313760105000028]*	eSB	0.0	0.15	0.0	0.0	0.0	0.0	0.1
[313760105000028]*	eMulti	0.0	0.02	0.0	0.0	0.0	0.0	0.0
[313760105000040]*	eSF	0.0	1.00	1.0	0.0	1.0	0.0	0.0
[313760105000040]*	eSB	0.0	1.00	0.0	1.0	1.0	0.0	0.0
[313760105000040]*	eMulti	0.0	0.11	1.0	0.0	1.0	0.9	0.0
[313760105000043]*	eSF	0.0	3.07	2.0	1.0	3.0	0.0	0.1
[313760105000043]*	eSB	0.0	3.07	0.0	3.0	3.0	0.0	0.1
[313760105000043]*	eMulti	0.0	0.34	1.0	0.0	1.0	0.7	0.0
[313760105000076] 	eSF	1.0	1.00	0.0	0.0	1.0	0.0	0.0
[313760105000076] 	eSB	1.0	1.00	0.0	0.0	1.0	0.0	0.0
[313760105000076] 	eMulti	0.0	0.11	0.0	0.0	0.0	0.0	0.1
[313760105000084]*	eSF	0.0	1.00	1.0	0.0	1.0	0.0	0.0
[313760105000084]*	eSB	0.0	1.00	1.0	0.0	1.0	0.0	0.0
[313760105000084]*	eMulti	0.0	0.11	0.0	0.0	0.0	0.0	0.1
[313760105000102] 	eSF	2.0	1.00	-1.0	0.0	1.0	0.0	0.0
[313760105000102] 	eSB	1.0	1.00	0.0	0.0	1.0	0.0	0.0
[313760105000102] 	eMulti	0.0	0.11	0.0	0.0	0.0	0.0	0.1
[313760105000122] 	eSF	1.0	1.01	0.0	0.0	1.0	0.0	0.0
[313760105000122] 	eSB	1.0	1.01	0.0	0.0	1.0	0.0	0.0
[313760105000122] 	eMulti	0.0	0.11	0.0	0.0	0.0	0.0	0.1
[313760105000125] 	eSF	1.0	0.99	0.0	0.0	1.0	0.0	0.0
[313760105000125] 	eSB	1.0	0.99	-1.0	1.0	1.0	0.0	0.0
[313760105000125] 	eMulti	0.0	0.11	0.0	0.0	0.0	0.0	0.1
[313760105000128]*	eSF	0.0	1.09	0.0	1.0	1.0	0.0	0.1
[313760105000128]*	eSB	0.0	1.09	1.0	0.0	1.0	0.0	0.1
[313760105000128]*	eMulti	0.0	0.12	1.0	0.0	1.0	0.9	0.0
[313760105000132] 	eSF	1.0	1.04	0.0	0.0	1.0	0.0	0.0
[313760105000132] 	eSB	1.0	1.04	-1.0	1.0	1.0	0.0	0.0
[313760105000132] 	eMulti	0.0	0.12	0.0	0.0	0.0	0.0	0.1
[313760105000135] 	eSF	2.0	1.00	-1.0	0.0	1.0	0.0	0.0
[313760105000135] 	eSB	1.0	1.00	0.0	0.0	1.0	0.0	0.0
[313760105000135] 	eMulti	0.0	0.11	0.0	0.0	0.0	0.0	0.1
[313760105000139] 	eSF	2.0	1.91	0.0	0.0	2.0	0.1	0.0
[313760105000139] 	eSB	2.0	1.91	0.0	0.0	2.0	0.1	0.0
[313760105000139] 	eMulti	1.0	0.21	0.0	0.0	1.0	0.8	0.0
[313760105000168] 	eSF	1.0	0.97	0.0	0.0	1.0	0.0	0.0
[313760105000168] 	eSB	1.0	0.97	0.0	0.0	1.0	0.0	0.0
[313760105000168] 	eMulti	0.0	0.11	0.0	0.0	0.0	0.0	0.1
[313760105000186] 	eSF	1.0	1.00	0.0	0.0	1.0	0.0	0.0
[313760105000186] 	eSB	1.0	1.00	0.0	0.0	1.0	0.0	0.0
[313760105000186] 	eMulti	0.0	0.11	0.0	0.0	0.0	0.0	0.1
[313760105000201] 	eSF	1.0	1.00	-1.0	1.0	1.0	0.0	0.0
[313760105000201] 	eSB	1.0	1.00	-1.0	1.0	1.0	0.0	0.0
[313760105000201] 	eMulti	1.0	0.11	-1.0	0.0	0.0	0.0	0.1
[313760105000235] 	eSF	1.0	1.00	0.0	0.0	1.0	0.0	0.0
[313760105000235] 	eSB	1.0	1.00	0.0	0.0	1.0	0.0	0.0
[313760105000235] 	eMulti	1.0	0.11	-1.0	0.0	0.0	0.0	0.1
[313760105000239] 	eSF	2.0	1.00	-1.0	0.0	1.0	0.0	0.0
[313760105000239] 	eSB	2.0	1.00	-1.0	0.0	1.0	0.0	0.0
[313760105000239] 	eMulti	1.0	0.11	-1.0	0.0	0.0	0.0	0.1
[313760105000259] 	eSF	1.0	1.00	0.0	0.0	1.0	0.0	0.0
[313760105000259] 	eSB	0.0	1.00	0.0	1.0	1.0	0.0	0.0
[313760105000259] 	eMulti	0.0	0.11	0.0	0.0	0.0	0.0	0.1
[313760105000264] 	eSF	1.0	0.21	-1.0	0.0	0.0	0.0	0.2
[313760105000264] 	eSB	0.0	0.21	0.0	0.0	0.0	0.0	0.2
[313760105000264] 	eMulti	0.0	0.02	0.0	0.0	0.0	0.0	0.0
[313760105000270]*	eSF	0.0	1.00	1.0	0.0	1.0	0.0	0.0
[313760105000270]*	eSB	0.0	1.00	1.0	0.0	1.0	0.0	0.0
[313760105000270]*	eMulti	0.0	0.11	0.0	0.0	0.0	0.0	0.1
[313760105000285]*	eSF	0.0	1.00	1.0	0.0	1.0	0.0	0.0
[313760105000285]*	eSB	0.0	1.00	1.0	0.0	1.0	0.0	0.0
[313760105000285]*	eMulti	0.0	0.11	0.0	0.0	0.0	0.0	0.1
